0.0000017311
0.0000638177
0.0003485439
0.0009665348
0.0019185519
0.0031371499
0.0045315319
0.0060137693
0.0075102154
0.0089645163
0.0103366162
0.0116002147
0.012739899
0.0137484947
0.0146248311
0.015371952
0.0159957309
0.0165038261
0.0169049095
0.0172081096
0.0174226176
0.0175574167
0.0176211043
0.0176217799
0.0175669835
0.0174636675
0.0173181937
0.017136347
0.0169233593
0.016683941
0.0164223159
0.0161422574
0.0158471259
0.015539904
0.0152232315
0.0148994374
0.0145705707
0.014238428
0.0139045799
0.013570394
0.0132370569
0.0129055937
0.0125768855
0.0122516853
0.0119306326
0.0116142661
0.0113030353
0.010997311
0.0106973944
0.0104035253
0.01011589
0.0098346274
0.0095598351
0.0092915745
0.0090298757
0.0087747416
0.0085261513
0.0082840637
0.0080484204
0.0078191478
0.0075961602
0.007379361
0.007168645
0.0069638997
0.0067650068
0.0065718435
0.0063842832
0.0062021971
0.0060254542
0.0058539227
0.0056874702
0.0055259645
0.0053692739
0.0052172677
0.0050698163
0.004926792
0.0047880687
0.0046535225
0.0045230315
0.0043964763
0.00427374
0.0041547082
0.004039269
0.0039273134
0.003818735
0.0037134299
0.0036112973
0.0035122388
0.0034161589
0.0033229648
0.0032325661
0.0031448752
0.0030598071
0.0029772793
0.0028972117
0.0028195268
0.0027441494
0.0026710064
0.0026000274
0.002531144
0.0024642898
0.0023994009
0.002336415
0.0022752722
0.0022159142
0.0021582848
0.0021023295
0.0020479956
0.0019952322
0.00194399
0.0018942212
0.0018458798
0.0017989211
0.0017533019
0.0017089806
0.0016659167
0.0016240712
0.0015834064
0.0015438857
0.0015054738
0.0014681365
0.0014318409
0.001396555
0.0013622478
0.0013288894
0.0012964511
0.0012649047
0.0012342233
0.0012043806
0.0011753514
0.0011471111
0.0011196361
0.0010929034
0.0010668909
0.001041577
0.0010169411
0.0009929629
0.000969623
0.0009469027
0.0009247836
0.0009032481
0.0008822791
0.0008618602
0.0008419752
0.0008226087
0.0008037457
0.0007853715
0.0007674722
0.0007500341
0.000733044
0.000716489
0.0007003569
0.0006846355
0.0006693132
0.0006543788
0.0006398214
0.0006256302
0.0006117952
0.0005983062
0.0005851538
0.0005723284
0.0005598211
0.0005476231
0.0005357259
0.0005241211
0.0005128007
0.0005017571
0.0004909826
0.00048047
0.0004702121
0.000460202
0.0004504331
0.000440899
0.0004315932
0.0004225097
0.0004136426
0.0004049861
0.0003965346
0.0003882828
0.0003802253
0.000372357
0.0003646731
0.0003571686
0.0003498389
0.0003426794
0.0003356857
0.0003288536
0.0003221789
0.0003156575
0.0003092854
0.000303059
0.0002969744
0.000291028
0.0002852164
0.0002795361
0.0002739838
0.0002685563
0.0002632504
0.0002580632
0.0002529916